y <- c(2, 4, 6, 8)
y * 3
