num <- c(1,2,3,4,5)

num <- c(num,6,7)
num
