
w <- c(70,80,90,100,10,20,30,40)
w

w <- c(w,9,10)
w <- w[-c(1:4)]

w <- w[-c(1:6)] #EXCLUSÃO indice 1 a 6
